102305
106955
110622
111048
122690
131571
133797
135526
135527
135528
135544
136399
145206
145608
145609
145611
145612
145683
147317
148166
148827
148828
148833
148834
148835
148837
148838
148841
149177
151065
151069
151071
156897
157207
157799
157800
157801
158977
158978
158979
159701
159702
159703
159704
159705
159706
159707
159708
159709
159710
161195
162431
162432
162433
162434
162435
162436
163460
164646
164667
169261
174282
174284
174285
174287
174289
174290
174292
174293
174294
180960
191449
196400
197318
197320
200460
205013
23161
24631
24632
24652
25037
25038
25039
34708
35799
35800
36403
37236
46654
46655
46656
50618
52284
52357
64346
7060
7061
7062
7063
7064
7065
7066
7067
7068
76089
76090
76091
76093
76094
77246
77247
78776
84254
86278
87562
93139
